hs1 7000000 7999999 74.0000
hs1 8000000 8999999 28.0000
hs1 21000000 21999999 55.0000
hs1 37000000 37999999 57.0000
hs1 41000000 41999999 47.0000
hs1 47000000 47999999 45.0000
hs1 63000000 63999999 35.0000
hs1 67000000 67999999 46.0000
hs1 84000000 84999999 61.0000
hs1 107000000 107999999 43.0000
hs1 118000000 118999999 41.0000
hs1 123000000 123999999 111.0000
hs1 132000000 132999999 68.0000
hs1 158000000 158999999 58.0000
hs1 172000000 172999999 45.0000
hs1 183000000 183999999 34.0000
hs1 184000000 184999999 52.0000
hs1 188000000 188999999 61.0000
hs1 189000000 189999999 55.0000
hs1 191000000 191999999 52.0000
hs1 212000000 212999999 53.0000
hs1 236000000 236999999 57.0000
hs10 0 999999 42.0000
hs10 2000000 2999999 54.0000
hs10 11000000 11999999 36.0000
hs10 21000000 21999999 63.0000
hs10 22000000 22999999 52.0000
hs10 34000000 34999999 71.0000
hs10 38000000 38999999 55.0000
hs10 53000000 53999999 30.0000
hs10 54000000 54999999 51.0000
hs10 59000000 59999999 47.0000
hs10 61000000 61999999 53.0000
hs10 76000000 76999999 57.0000
hs10 84000000 84999999 56.0000
hs10 89000000 89999999 50.0000
hs10 97000000 97999999 34.0000
hs10 99000000 99999999 51.0000
hs10 100000000 100999999 58.0000
hs10 112000000 112999999 75.0000
hs10 114000000 114999999 42.0000
hs10 117000000 117999999 50.0000
hs10 121000000 121999999 46.0000
hs10 129000000 129999999 52.0000
hs10 131000000 131999999 64.0000
hs11 7000000 7999999 44.0000
hs11 9000000 9999999 63.0000
hs11 10000000 10999999 53.0000
hs11 11000000 11999999 101.0000
hs11 15000000 15999999 44.0000
hs11 19000000 19999999 59.0000
hs11 30000000 30999999 64.0000
hs11 37000000 37999999 41.0000
hs11 39000000 39999999 48.0000
hs11 53000000 53999999 38.0000
hs11 56000000 56999999 45.0000
hs11 57000000 57999999 50.0000
hs11 59000000 59999999 44.0000
hs11 62000000 62999999 34.0000
hs11 63000000 63999999 70.0000
hs11 90000000 90999999 66.0000
hs11 91000000 91999999 73.0000
hs11 100000000 100999999 52.0000
hs11 124000000 124999999 60.0000
hs11 128000000 128999999 29.0000
hs11 129000000 129999999 118.0000
hs12 3000000 3999999 47.0000
hs12 5000000 5999999 54.0000
hs12 10000000 10999999 41.0000
hs12 11000000 11999999 52.0000
hs12 13000000 13999999 58.0000
hs12 15000000 15999999 55.0000
hs12 28000000 28999999 49.0000
hs12 39000000 39999999 40.0000
hs12 40000000 40999999 40.0000
hs12 61000000 61999999 62.0000
hs12 67000000 67999999 40.0000
hs12 70000000 70999999 42.0000
hs12 75000000 75999999 46.0000
hs12 90000000 90999999 61.0000
hs12 103000000 103999999 31.0000
hs12 104000000 104999999 48.0000
hs12 107000000 107999999 42.0000
hs12 108000000 108999999 53.0000
hs12 115000000 115999999 41.0000
hs12 116000000 116999999 41.0000
hs12 125000000 125999999 50.0000
hs12 128000000 128999999 57.0000
hs12 129000000 129999999 65.0000
hs13 0 999999 42.0000
hs13 3000000 3999999 62.0000
hs13 4000000 4999999 36.0000
hs13 9000000 9999999 40.0000
hs13 11000000 11999999 54.0000
hs13 20000000 20999999 53.0000
hs13 35000000 35999999 130.0000
hs13 38000000 38999999 69.0000
hs13 40000000 40999999 118.0000
hs13 45000000 45999999 34.0000
hs13 47000000 47999999 59.0000
hs13 63000000 63999999 66.0000
hs13 68000000 68999999 44.0000
hs13 72000000 72999999 45.0000
hs13 89000000 89999999 65.0000
hs13 91000000 91999999 50.0000
hs13 97000000 97999999 39.0000
hs13 98000000 98999999 50.0000
hs13 103000000 103999999 39.0000
hs13 107000000 107999999 55.0000
hs13 110000000 110999999 45.0000
hs14 0 999999 54.0000
hs14 4000000 4999999 114.0000
hs14 10000000 10999999 39.0000
hs14 14000000 14999999 50.0000
hs14 16000000 16999999 62.0000
hs14 25000000 25999999 63.0000
hs14 37000000 37999999 52.0000
hs14 44000000 44999999 38.0000
hs14 49000000 49999999 54.0000
hs14 55000000 55999999 144.0000
hs14 58000000 58999999 60.0000
hs14 59000000 59999999 57.0000
hs14 62000000 62999999 56.0000
hs14 67000000 67999999 42.0000
hs14 70000000 70999999 33.0000
hs14 80000000 80999999 58.0000
hs14 89000000 89999999 48.0000
hs14 92000000 92999999 52.0000
hs14 99000000 99999999 37.0000
hs14 103000000 103999999 67.0000
hs15 0 999999 52.0000
hs15 6000000 6999999 48.0000
hs15 13000000 13999999 37.0000
hs15 22000000 22999999 80.0000
hs15 23000000 23999999 33.0000
hs15 27000000 27999999 47.0000
hs15 29000000 29999999 47.0000
hs15 31000000 31999999 51.0000
hs15 39000000 39999999 125.0000
hs15 40000000 40999999 47.0000
hs15 41000000 41999999 59.0000
hs15 54000000 54999999 57.0000
hs15 55000000 55999999 47.0000
hs15 57000000 57999999 103.0000
hs15 64000000 64999999 49.0000
hs15 70000000 70999999 50.0000
hs15 73000000 73999999 31.0000
hs15 84000000 84999999 52.0000
hs15 91000000 91999999 34.0000
hs15 99000000 99999999 50.0000
hs16 2000000 2999999 38.0000
hs16 3000000 3999999 44.0000
hs16 5000000 5999999 52.0000
hs16 6000000 6999999 41.0000
hs16 18000000 18999999 49.0000
hs16 29000000 29999999 54.0000
hs16 36000000 36999999 58.0000
hs16 39000000 39999999 60.0000
hs16 41000000 41999999 117.0000
hs16 43000000 43999999 102.0000
hs16 45000000 45999999 51.0000
hs16 47000000 47999999 122.0000
hs16 55000000 55999999 43.0000
hs16 60000000 60999999 59.0000
hs16 61000000 61999999 40.0000
hs16 62000000 62999999 48.0000
hs16 74000000 74999999 53.0000
hs16 77000000 77999999 48.0000
hs16 79000000 79999999 61.0000
hs16 82000000 82999999 45.0000
hs17 0 999999 57.0000
hs17 5000000 5999999 114.0000
hs17 9000000 9999999 104.0000
hs17 17000000 17999999 51.0000
hs17 22000000 22999999 51.0000
hs17 24000000 24999999 48.0000
hs17 30000000 30999999 64.0000
hs17 35000000 35999999 49.0000
hs17 41000000 41999999 34.0000
hs17 47000000 47999999 68.0000
hs17 50000000 50999999 77.0000
hs17 56000000 56999999 56.0000
hs17 60000000 60999999 68.0000
hs17 65000000 65999999 107.0000
hs17 67000000 67999999 45.0000
hs17 71000000 71999999 52.0000
hs17 75000000 75999999 36.0000
hs17 76000000 76999999 57.0000
hs17 78000000 78999999 50.0000
hs18 9000000 9999999 60.0000
hs18 10000000 10999999 42.0000
hs18 12000000 12999999 62.0000
hs18 15000000 15999999 114.0000
hs18 17000000 17999999 53.0000
hs18 19000000 19999999 47.0000
hs18 23000000 23999999 50.0000
hs18 31000000 31999999 58.0000
hs18 35000000 35999999 54.0000
hs18 36000000 36999999 50.0000
hs18 37000000 37999999 53.0000
hs18 40000000 40999999 47.0000
hs18 41000000 41999999 56.0000
hs18 44000000 44999999 56.0000
hs18 45000000 45999999 45.0000
hs18 51000000 51999999 58.0000
hs18 52000000 52999999 42.0000
hs18 59000000 59999999 72.0000
hs18 62000000 62999999 67.0000
hs18 63000000 63999999 54.0000
hs18 73000000 73999999 38.0000
hs18 75000000 75999999 41.0000
hs19 0 999999 53.0000
hs19 1000000 1999999 114.0000
hs19 4000000 4999999 43.0000
hs19 7000000 7999999 33.0000
hs19 21000000 21999999 43.0000
hs19 25000000 25999999 29.0000
hs19 26000000 26999999 42.0000
hs19 28000000 28999999 48.0000
hs19 31000000 31999999 52.0000
hs19 34000000 34999999 43.0000
hs19 35000000 35999999 95.0000
hs19 38000000 38999999 59.0000
hs19 39000000 39999999 27.0000
hs19 40000000 40999999 61.0000
hs19 41000000 41999999 109.0000
hs19 44000000 44999999 45.0000
hs19 47000000 47999999 46.0000
hs19 48000000 48999999 41.0000
hs19 55000000 55999999 49.0000
hs19 57000000 57999999 43.0000
hs2 6000000 6999999 45.0000
hs2 17000000 17999999 55.0000
hs2 23000000 23999999 24.0000
hs2 44000000 44999999 64.0000
hs2 53000000 53999999 67.0000
hs2 57000000 57999999 40.0000
hs2 65000000 65999999 51.0000
hs2 102000000 102999999 71.0000
hs2 104000000 104999999 52.0000
hs2 121000000 121999999 43.0000
hs2 143000000 143999999 41.0000
hs2 159000000 159999999 44.0000
hs2 164000000 164999999 49.0000
hs2 198000000 198999999 65.0000
hs2 199000000 199999999 107.0000
hs2 200000000 200999999 33.0000
hs2 201000000 201999999 54.0000
hs2 214000000 214999999 51.0000
hs2 217000000 217999999 56.0000
hs2 218000000 218999999 63.0000
hs2 237000000 237999999 40.0000
hs2 239000000 239999999 60.0000
hs20 0 999999 111.0000
hs20 2000000 2999999 63.0000
hs20 6000000 6999999 37.0000
hs20 12000000 12999999 41.0000
hs20 13000000 13999999 41.0000
hs20 25000000 25999999 57.0000
hs20 32000000 32999999 163.0000
hs20 33000000 33999999 55.0000
hs20 34000000 34999999 59.0000
hs20 36000000 36999999 65.0000
hs20 37000000 37999999 57.0000
hs20 41000000 41999999 55.0000
hs20 42000000 42999999 58.0000
hs20 46000000 46999999 31.0000
hs20 47000000 47999999 39.0000
hs20 48000000 48999999 51.0000
hs20 52000000 52999999 33.0000
hs20 56000000 56999999 97.0000
hs20 62000000 62999999 41.0000
hs21 0 999999 58.0000
hs21 1000000 1999999 135.0000
hs21 6000000 6999999 98.0000
hs21 8000000 8999999 67.0000
hs21 12000000 12999999 97.0000
hs21 15000000 15999999 49.0000
hs21 23000000 23999999 57.0000
hs21 25000000 25999999 49.0000
hs21 26000000 26999999 106.0000
hs21 31000000 31999999 177.0000
hs21 33000000 33999999 46.0000
hs21 35000000 35999999 42.0000
hs21 37000000 37999999 49.0000
hs21 40000000 40999999 12.0000
hs21 41000000 41999999 23.0000
hs21 47000000 47999999 57.0000
hs22 0 999999 61.0000
hs22 2000000 2999999 56.0000
hs22 3000000 3999999 59.0000
hs22 4000000 4999999 58.0000
hs22 5000000 5999999 42.0000
hs22 8000000 8999999 101.0000
hs22 14000000 14999999 67.0000
hs22 16000000 16999999 124.0000
hs22 19000000 19999999 55.0000
hs22 31000000 31999999 69.0000
hs22 33000000 33999999 48.0000
hs22 34000000 34999999 56.0000
hs22 36000000 36999999 63.0000
hs22 41000000 41999999 49.0000
hs22 42000000 42999999 60.0000
hs22 43000000 43999999 59.0000
hs22 46000000 46999999 71.0000
hs22 47000000 47999999 59.0000
hs22 48000000 48999999 53.0000
hs22 49000000 49999999 102.0000
hs3 5000000 5999999 51.0000
hs3 22000000 22999999 52.0000
hs3 23000000 23999999 53.0000
hs3 40000000 40999999 59.0000
hs3 51000000 51999999 68.0000
hs3 55000000 55999999 59.0000
hs3 59000000 59999999 61.0000
hs3 66000000 66999999 34.0000
hs3 74000000 74999999 56.0000
hs3 85000000 85999999 38.0000
hs3 95000000 95999999 68.0000
hs3 99000000 99999999 54.0000
hs3 139000000 139999999 54.0000
hs3 140000000 140999999 57.0000
hs3 143000000 143999999 48.0000
hs3 144000000 144999999 47.0000
hs3 156000000 156999999 31.0000
hs3 173000000 173999999 39.0000
hs3 175000000 175999999 42.0000
hs3 182000000 182999999 50.0000
hs3 189000000 189999999 57.0000
hs3 190000000 190999999 57.0000
hs3 194000000 194999999 35.0000
hs4 1000000 1999999 52.0000
hs4 3000000 3999999 52.0000
hs4 11000000 11999999 41.0000
hs4 12000000 12999999 41.0000
hs4 15000000 15999999 51.0000
hs4 17000000 17999999 39.0000
hs4 30000000 30999999 45.0000
hs4 40000000 40999999 59.0000
hs4 45000000 45999999 37.0000
hs4 49000000 49999999 58.0000
hs4 53000000 53999999 41.0000
hs4 59000000 59999999 53.0000
hs4 61000000 61999999 34.0000
hs4 76000000 76999999 59.0000
hs4 89000000 89999999 39.0000
hs4 122000000 122999999 62.0000
hs4 143000000 143999999 54.0000
hs4 154000000 154999999 30.0000
hs4 160000000 160999999 49.0000
hs4 167000000 167999999 49.0000
hs4 169000000 169999999 59.0000
hs4 175000000 175999999 47.0000
hs4 176000000 176999999 42.0000
hs5 1000000 1999999 49.0000
hs5 22000000 22999999 37.0000
hs5 25000000 25999999 59.0000
hs5 28000000 28999999 50.0000
hs5 43000000 43999999 44.0000
hs5 54000000 54999999 52.0000
hs5 57000000 57999999 62.0000
hs5 72000000 72999999 36.0000
hs5 78000000 78999999 54.0000
hs5 87000000 87999999 125.0000
hs5 98000000 98999999 55.0000
hs5 100000000 100999999 56.0000
hs5 101000000 101999999 35.0000
hs5 106000000 106999999 60.0000
hs5 113000000 113999999 118.0000
hs5 125000000 125999999 47.0000
hs5 128000000 128999999 66.0000
hs5 145000000 145999999 34.0000
hs5 146000000 146999999 67.0000
hs5 160000000 160999999 56.0000
hs5 169000000 169999999 58.0000
hs6 23000000 23999999 44.0000
hs6 34000000 34999999 43.0000
hs6 47000000 47999999 40.0000
hs6 48000000 48999999 125.0000
hs6 55000000 55999999 22.0000
hs6 61000000 61999999 54.0000
hs6 63000000 63999999 49.0000
hs6 81000000 81999999 57.0000
hs6 83000000 83999999 54.0000
hs6 89000000 89999999 57.0000
hs6 103000000 103999999 49.0000
hs6 104000000 104999999 44.0000
hs6 111000000 111999999 42.0000
hs6 112000000 112999999 83.0000
hs6 124000000 124999999 45.0000
hs6 137000000 137999999 54.0000
hs6 140000000 140999999 51.0000
hs6 145000000 145999999 90.0000
hs6 164000000 164999999 51.0000
hs6 167000000 167999999 57.0000
hs7 4000000 4999999 49.0000
hs7 33000000 33999999 45.0000
hs7 39000000 39999999 52.0000
hs7 46000000 46999999 45.0000
hs7 59000000 59999999 55.0000
hs7 65000000 65999999 91.0000
hs7 66000000 66999999 93.0000
hs7 75000000 75999999 51.0000
hs7 88000000 88999999 58.0000
hs7 97000000 97999999 51.0000
hs7 113000000 113999999 53.0000
hs7 114000000 114999999 33.0000
hs7 117000000 117999999 80.0000
hs7 118000000 118999999 47.0000
hs7 119000000 119999999 49.0000
hs7 123000000 123999999 42.0000
hs7 130000000 130999999 95.0000
hs7 132000000 132999999 45.0000
hs7 153000000 153999999 56.0000
hs7 156000000 156999999 70.0000
hs8 7000000 7999999 68.0000
hs8 8000000 8999999 50.0000
hs8 15000000 15999999 43.0000
hs8 37000000 37999999 53.0000
hs8 38000000 38999999 37.0000
hs8 48000000 48999999 37.0000
hs8 52000000 52999999 59.0000
hs8 67000000 67999999 63.0000
hs8 76000000 76999999 62.0000
hs8 79000000 79999999 49.0000
hs8 87000000 87999999 57.0000
hs8 103000000 103999999 58.0000
hs8 105000000 105999999 50.0000
hs8 109000000 109999999 47.0000
hs8 110000000 110999999 67.0000
hs8 118000000 118999999 58.0000
hs8 122000000 122999999 51.0000
hs8 123000000 123999999 56.0000
hs8 124000000 124999999 43.0000
hs8 132000000 132999999 47.0000
hs8 134000000 134999999 59.0000
hs8 136000000 136999999 82.0000
hs8 144000000 144999999 50.0000
hs9 14000000 14999999 58.0000
hs9 17000000 17999999 46.0000
hs9 23000000 23999999 47.0000
hs9 25000000 25999999 57.0000
hs9 31000000 31999999 39.0000
hs9 41000000 41999999 52.0000
hs9 43000000 43999999 43.0000
hs9 46000000 46999999 56.0000
hs9 49000000 49999999 39.0000
hs9 53000000 53999999 51.0000
hs9 57000000 57999999 74.0000
hs9 69000000 69999999 61.0000
hs9 88000000 88999999 60.0000
hs9 89000000 89999999 72.0000
hs9 95000000 95999999 44.0000
hs9 111000000 111999999 57.0000
hs9 112000000 112999999 57.0000
hs9 116000000 116999999 67.0000
hs9 117000000 117999999 53.0000
hs9 121000000 121999999 52.0000
hs9 126000000 126999999 53.0000
hs9 128000000 128999999 44.0000
hs9 137000000 137999999 44.0000
hsX 0 999999 51.0000
hsX 21000000 21999999 46.0000
hsX 24000000 24999999 39.0000
hsX 33000000 33999999 54.0000
hsX 40000000 40999999 59.0000
hsX 51000000 51999999 52.0000
hsX 61000000 61999999 100.0000
hsX 64000000 64999999 61.0000
hsX 74000000 74999999 35.0000
hsX 76000000 76999999 52.0000
hsX 79000000 79999999 40.0000
hsX 87000000 87999999 49.0000
hsX 90000000 90999999 23.0000
hsX 91000000 91999999 55.0000
hsX 92000000 92999999 46.0000
hsX 95000000 95999999 36.0000
hsX 104000000 104999999 44.0000
hsX 112000000 112999999 43.0000
hsX 131000000 131999999 38.0000
hsX 146000000 146999999 47.0000
hsX 147000000 147999999 55.0000
hsX 152000000 152999999 40.0000
hsY 0 999999 67.0000
hsY 3000000 3999999 72.0000
hsY 4000000 4999999 102.0000
hsY 5000000 5999999 57.0000
hsY 15000000 15999999 48.0000
hsY 16000000 16999999 60.0000
hsY 17000000 17999999 46.0000
hsY 20000000 20999999 37.0000
hsY 23000000 23999999 51.0000
hsY 25000000 25999999 46.0000
hsY 27000000 27999999 58.0000
hsY 28000000 28999999 55.0000
hsY 30000000 30999999 61.0000
hsY 34000000 34999999 49.0000
hsY 36000000 36999999 48.0000
hsY 38000000 38999999 46.0000
hsY 47000000 47999999 86.0000
hsY 49000000 49999999 73.0000
hsY 52000000 52999999 108.0000
hsY 55000000 55999999 75.0000
